nchn_HBCm
32
Echn_HBCm       
1       2       3       4       5       6       7       8       9      10      11      12      13      14      15      16      17      18      19      20      21      22      23      24      25      26      27      28      29      30      31      32
Gchn_HBCm
 1       2       3       4       5       6       7       8       9      10      11      12      13      14      15      16      17      18      19      20      -21      22      23      24      25      26      27      28      29      30      31      32
==============================================================================================================================
nchn_HBCs
32 
Echn_HBCs
33      34      35      36      37      38      39      40      41      42      43      44      45      46      47      48     97      98      99     100     101     102     103     104     105     106     107     108     109     110     111     113
gchn_HBCs  
-1       2       3       4       5       6       7       8       9      10      11      12      13      14      15      16      17      18      19      -20      21      22      23      24      25      26      27      28      29      30      31      32
==============================================================================================================================
nchn_VBCr
24
Echn_VBCr  
65      66      67      68      69      70      71      72      73      74      75      76      77      78      79      80      81      82      83      84      85      86      87      88
Gchn_VBCr
1       2       3       4       5       6       7       8       9      10      11      12      13      14      15      16      17      18      19      20      21      22      23      24 
==============================================================================================================================
nchn_VBCl
24
Echn_VBCl      
89      90      91      92      93      94      95      96      49      50      51      52      53      54      55      56      57      58      59      60      61      62      63      64
Gchn_VBCl
1       2       3       4       5       6       7       8       9      10      11      12      13      14      15      16      17      18      19      20      21      22      23      24 
==============================================================================================================================
nchn_SXRv
8
Echn_SXRv
89      90      91      92      93      94      95      96
Gchn_VBCl
1       2       3       4       5       6       7       8  
==============================================================================================================================
nchn_SXRh
16
Echn_SXRh
45      46      47      48 	97      98      99     100     101     102     103     104     105     106     107     108 
Gchn_HBCs
13      14      15      16      17      18      19      -20      21      22      23      24      25      26      27      28 
=============================================================================================================================
nchn_Al_filter
16
Echn_Al_filter
33      34      35      36      37      38      39      40      41      42      43      44   109     110     111     113
Gchn_HBCs
-1       2       3       4       5       6       7       8       9      10      11      12     29      30      31      32
=============================================================================================================================
;INFO
; non-functioned channel marked as '-', which are based on the test on 2017/08/24 (see 'bolo_ini2017_00.dat')
;This inifile is for discharges of
;OP1.2a on 2017/08/??
;utc_time=??
;
;G--> geometric channel number in corresponding array  
;     definition is usually from low-z to high-z.
;no-func gch (at Ech:)
;ECH100		-		;2017 09 20
