979.874097750
1002.737575750
1020.095381250
1032.185677500
1000.065937500
1008.999999000
1028.822157500
1039.489062500
993.706253500
996.638671750
995.770946500
993.815008750
963.964739500
955.983200000
950.157763750
944.281427500
1022.721053500
1026.700435000
1026.115262500
1019.414219250
1416.737245000
1023.875592750
1019.548764000
1014.294111000
1028.925192500
1026.616700000
1019.720131500
1024.990652500
927.259926750
933.944209750
943.737024000
955.382007500
0.000000000
0.000000000
0.000000000
0.000000000
0.000000000
0.000000000
0.000000000
0.000000000
0.000000000
0.000000000
0.000000000
0.000000000
0.000000000
0.000000000
0.000000000
0.000000000
1076.007610000
1242.769537500
1117.324940000
1141.516597500
1003.806078250
1183.488347500
943.101000000
1083.771555000
1007.335604000
1133.694655000
1114.100317500
1060.437762500
1029.175570000
957.724929750
993.971660250
972.202404000
1000.452578500
963.159700250
999.139435750
992.425895000
1015.287716250
1005.826951250
1001.844587500
1003.357298500
993.744842500
973.469543500
947.465102500
990.320285000
986.185830250
969.908308750
958.341971000
948.350844000
943.312644000
938.041605000
935.997082500
1012.736233250
988.250465000
991.800347500
996.940268750
1347.983190000
966.923226500
959.712800000
945.178902500
958.276718000
886.072841000
882.807253250
874.120986250
865.441392500
0.000000000
0.000000000
0.000000000
0.000000000
0.000000000
0.000000000
0.000000000
0.000000000
0.000000000
0.000000000
0.000000000
0.000000000
0.000000000
0.000000000
0.000000000
0.000000000
0.000000000
0.000000000
0.000000000
0.000000000
0.000000000
0.000000000
0.000000000
0.000000000
0.000000000
0.000000000
0.000000000
0.000000000
0.000000000
0.000000000
0.000000000
0.000000000
