0.000751345
0.000742475
0.000729062
0.000713053
0.000750059
0.000732791
0.000709874
0.000718898
0.000728887
0.000764953
0.000663465
0.000726831
0.000749415
0.000741814
0.000771551
0.000746778
0.000750470
0.000739491
0.000731515
0.000736252
0.000472659
0.000709068
0.000694628
0.000709059
0.000707456
0.000689914
0.000717458
0.000709561
0.000756553
0.000735150
0.000741797
0.000710174
0.000000000
0.000000000
0.000000000
0.000000000
0.000000000
0.000000000
0.000000000
0.000000000
0.000000000
0.000000000
0.000000000
0.000000000
0.000000000
0.000000000
0.000000000
0.000000000
0.000779654
0.000744702
0.000780533
0.000768868
0.000783282
0.000751662
0.000774884
0.000777894
0.000770280
0.000732243
0.000746129
0.000750429
0.000806460
0.000783852
0.000745682
0.000794247
0.000740116
0.000768818
0.000750965
0.000772044
0.000756766
0.000764828
0.000779532
0.000786489
0.000799876
0.000804913
0.000839748
0.000768809
0.000791489
0.000802794
0.000812186
0.000816746
0.000765364
0.000780201
0.000814086
0.000742308
0.000773109
0.000769902
0.000757697
0.000791295
0.000671646
0.000667603
0.000788076
0.000748902
0.000723937
0.000717937
0.000719056
0.000715562
0.000000000
0.000000000
0.000000000
0.000000000
0.000000000
0.000000000
0.000000000
0.000000000
0.000000000
0.000000000
0.000000000
0.000000000
0.000000000
0.000000000
0.000000000
0.000000000
0.000000000
0.000000000
0.000000000
0.000000000
0.000000000
0.000000000
0.000000000
0.000000000
0.000000000
0.000000000
0.000000000
0.000000000
0.000000000
0.000000000
0.000000000
0.000000000
