0.120002963
0.118318393
0.122743906
0.122089559
0.202952541
0.121985599
0.122081206
0.123112554
0.116192647
0.116303054
0.112489088
0.114589692
0.117256794
0.115151528
0.113147010
0.116782174
0.120402728
0.120140014
0.121089579
0.119613399
0.128232155
0.116763962
0.116945383
0.122568600
0.123032328
0.120450884
0.122397253
0.121553428
0.121373078
0.120021304
0.119956273
0.120306402
0.000000000
0.000000000
0.000000000
0.000000000
0.000000000
0.000000000
0.000000000
0.000000000
0.000000000
0.000000000
0.000000000
0.000000000
0.000000000
0.000000000
0.000000000
0.000000000
0.113959799
0.110620694
0.111602768
0.112016520
0.110727484
0.117293488
0.115305023
0.113996266
0.111671693
0.117944895
0.112936716
0.111670058
0.114372558
0.113796387
0.110181770
0.115253895
0.110787160
0.109137066
0.111626877
0.111122919
0.110653685
0.110272357
0.109937364
0.107989206
0.109928525
0.109433439
0.110092379
0.110483799
0.109174538
0.109774821
0.114478686
0.110448066
0.116970067
0.113326745
0.111598299
0.112319599
0.111227122
0.110540769
0.111638685
0.130009226
0.108537430
0.109956683
0.113206634
0.115453617
0.110466213
0.111097472
0.111925168
0.113452471
0.000000000
0.000000000
0.000000000
0.000000000
0.000000000
0.000000000
0.000000000
0.000000000
0.000000000
0.000000000
0.000000000
0.000000000
0.000000000
0.000000000
0.000000000
0.000000000
0.000000000
0.000000000
0.000000000
0.000000000
0.000000000
0.000000000
0.000000000
0.000000000
0.000000000
0.000000000
0.000000000
0.000000000
0.000000000
0.000000000
0.000000000
0.000000000
