nr_core  nr_sol  npol  
      11       4     101
raxis  zaxis  
       520.26684    0.0011052123
       4.7209560
       526.31220    0.0011124904
       526.27279      0.37897380
       526.17368      0.74730903
       526.01463       1.0975632
       525.80326       1.4226102
       525.55910       1.7206710
       525.28798       1.9891143
       524.99846       2.2276265
       524.70286       2.4398209
       524.40555       2.6276017
       524.10717       2.7912531
       523.81168       2.9336339
       523.52393       3.0597063
       523.24402       3.1714695
       522.97018       3.2688687
       522.70171       3.3523901
       522.43933       3.4243637
       522.18354       3.4875413
       521.93377       3.5434885
       521.68863       3.5921040
       521.44695       3.6330825
       521.20797       3.6665177
       520.97114       3.6931875
       520.73588       3.7139586
       520.50141       3.7295457
       520.26683       3.7400551
       520.03129       3.7448491
       519.79408       3.7432817
       519.55456       3.7349322
       519.31208       3.7195870
       519.06578       3.6975334
       518.81473       3.6686596
       518.55817       3.6321589
       518.29594       3.5861135
       518.02852       3.5281126
       517.75589       3.4570998
       517.47722       3.3731636
       517.19115       3.2763643
       516.89988       3.1628871
       516.60758       3.0282936
       516.31626       2.8713654
       516.02502       2.6930437
       515.73762       2.4910577
       515.46404       2.2611109
       515.20856       2.0038307
       514.97314       1.7211110
       514.77010       1.4123955
       514.60614       1.0809755
       514.47913      0.73221432
       514.40245      0.37005195
       514.37984    0.0011429994
       514.40179     -0.36794735
       514.47905     -0.73003362
       514.60492      -1.0789341
       514.76890      -1.4105556
       514.97229      -1.7191564
       515.20695      -2.0022105
       515.46249      -2.2596499
       515.73614      -2.4896344
       516.02339      -2.6918176
       516.31457      -2.8703667
       516.60602      -3.0273529
       516.89829      -3.1621305
       517.18963      -3.2757218
       517.47576      -3.3726851
       517.75464      -3.4565827
       518.02736      -3.5276815
       518.29491      -3.5857672
       518.55718      -3.6320132
       518.81389      -3.6685506
       519.06512      -3.6973584
       519.31155      -3.7194142
       519.55418      -3.7347503
       519.79380      -3.7432595
       520.03116      -3.7447881
       520.26684      -3.7400130
       520.50155      -3.7295324
       520.73615      -3.7138419
       520.97155      -3.6931243
       521.20851      -3.6664517
       521.44762      -3.6329586
       521.68942      -3.5919178
       521.93469      -3.5432472
       522.18457      -3.4872387
       522.44051      -3.4240498
       522.70297      -3.3519401
       522.97154      -3.2683097
       523.24554      -3.1708701
       523.52541      -3.0588921
       523.81340      -2.9328571
       524.10896      -2.7903439
       524.40740      -2.6265417
       524.70460      -2.4385542
       525.00021      -2.2262433
       525.28988      -1.9876027
       525.56032      -1.7188208
       525.80485      -1.4208303
       526.01579      -1.0954672
       526.17371     -0.74515333
       526.27428     -0.37679287
       526.31220    0.0011124904
       9.4419121
       532.50431    0.0013287622
       532.41797      0.76554358
       532.19445       1.5079167
       531.82984       2.2068633
       531.35744       2.8486888
       530.83170       3.4338406
       530.25218       3.9545770
       529.64238       4.4128729
       529.03800       4.8230990
       528.43244       5.1831342
       527.83496       5.4996795
       527.24507       5.7739540
       526.67750       6.0211098
       526.12754       6.2421256
       525.58906       6.4344424
       525.06527       6.6056130
       524.55249       6.7540339
       524.05125       6.8848559
       523.56306       7.0059440
       523.08290       7.1135290
       522.60753       7.2049526
       522.13673       7.2838424
       521.66886       7.3506903
       521.20199       7.4034791
       520.73525       7.4465752
       520.26681       7.4839103
       519.79443       7.5098580
       519.31688       7.5205884
       518.83257       7.5196107
       518.34056       7.5034314
       517.84049       7.4685670
       517.32876       7.4217474
       516.80326       7.3615400
       516.26680       7.2770993
       515.71834       7.1683406
       515.15972       7.0304594
       514.59202       6.8607023
       514.00733       6.6668183
       513.42052       6.4302062
       512.83242       6.1513970
       512.25624       5.8211697
       511.67879       5.4512041
       511.12545       5.0266601
       510.60533       4.5474244
       510.12996       4.0146050
       509.69461       3.4361998
       509.32426       2.8106183
       509.03652       2.1434562
       508.81212       1.4481197
       508.67500      0.73035563
       508.63978    0.0011719882
       508.67907     -0.72799014
       508.80863      -1.4464261
       509.03493      -2.1414011
       509.32673      -2.8078772
       509.69029      -3.4354220
       510.12874      -4.0126960
       510.60568      -4.5451374
       511.12172      -5.0263705
       511.67972      -5.4483127
       512.25264      -5.8214933
       512.83209      -6.1493466
       513.41785      -6.4304409
       514.00674      -6.6650847
       514.59004      -6.8607862
       515.15881      -7.0295026
       515.71688      -7.1682455
       516.26585      -7.2766003
       516.80248      -7.3608416
       517.32784      -7.4218083
       517.83977      -7.4685965
       518.34005      -7.5031116
       518.83213      -7.5196096
       519.31663      -7.5205571
       519.79429      -7.5096537
       520.26682      -7.4842842
       520.73541      -7.4466470
       521.20222      -7.4031852
       521.66930      -7.3509261
       522.13723      -7.2835902
       522.60819      -7.2048398
       523.08380      -7.1137263
       523.56388      -7.0054650
       524.05218      -6.8844065
       524.55372      -6.7539443
       525.06642      -6.6049400
       525.59025      -6.4338123
       526.12935      -6.2417604
       526.67857      -6.0199362
       527.24719      -5.7734678
       527.83585      -5.4980356
       528.43510      -5.1825742
       529.03819      -4.8209091
       529.64593      -4.4122930
       530.25182      -3.9521353
       530.83364      -3.4320744
       531.36142      -2.8475249
       531.82890      -2.2041628
       532.18868      -1.5051306
       532.42377     -0.76332811
       532.50431    0.0013287622
       14.162868
       538.85442    0.0013826911
       538.71127       1.1614649
       538.31014       2.2805064
       537.69730       3.3261545
       536.92558       4.2783192
       536.06089       5.1329105
       535.14045       5.8899465
       534.20044       6.5577353
       533.26521       7.1469971
       532.34230       7.6643255
       531.44814       8.1248000
       530.57619       8.5295655
       529.73436       8.8916343
       528.92057       9.2162529
       528.12933       9.5051386
       527.35957       9.7632548
       526.60965       9.9956843
       525.87657       10.205022
       525.15739       10.393925
       524.44924       10.564616
       523.74858       10.716687
       523.05287       10.852017
       522.35968       10.972084
       521.66583       11.075331
       520.96909       11.163310
       520.26682       11.235928
       519.55639       11.292643
       518.83544       11.331623
       518.10163       11.351394
       517.35251       11.351594
       516.58678       11.327132
       515.80282       11.275894
       514.99988       11.193962
       514.17701       11.078449
       513.33288       10.927274
       512.47462       10.726178
       511.59937       10.478237
       510.71612       10.171588
       509.82680       9.8049144
       508.94789       9.3649357
       508.08478       8.8518603
       507.24677       8.2638283
       506.45173       7.5959898
       505.71287       6.8496466
       505.04280       6.0286734
       504.45409       5.1389421
       503.95660       4.1888139
       503.56144       3.1878076
       503.27233       2.1479774
       503.09492       1.0814437
       503.03566    0.0011044065
       503.09347      -1.0793591
       503.26958      -2.1461428
       503.56063      -3.1857380
       503.95576      -4.1868483
       504.45139      -5.1375796
       505.04103      -6.0271284
       505.71075      -6.8484059
       506.45025      -7.5945043
       507.24623      -8.2618968
       508.08329      -8.8506152
       508.94658      -9.3636603
       509.82533      -9.8039811
       510.71400      -10.171311
       511.59862      -10.476909
       512.47230      -10.726843
       513.33304      -10.924699
       514.17455      -11.080507
       514.99847      -11.194497
       515.80305      -11.273051
       516.58658      -11.325369
       517.35185      -11.351925
       518.10082      -11.353316
       518.83492      -11.333699
       519.55605      -11.296039
       520.26685      -11.238424
       520.96942      -11.166440
       521.66640      -11.077473
       522.36058      -10.974748
       523.05397      -10.854041
       523.74995      -10.718822
       524.45089      -10.566606
       525.15917      -10.395639
       525.87876      -10.206932
       526.61226      -9.9976725
       527.36169      -9.7641069
       528.13004      -9.5038435
       528.91999      -9.2135355
       529.73590      -8.8908988
       530.57944      -8.5301584
       531.44809      -8.1225096
       532.34622      -7.6646296
       533.26591      -7.1450692
       534.19970      -6.5551228
       535.13971      -5.8873316
       536.06065      -5.1304998
       536.92991      -4.2770787
       537.69659      -3.3236837
       538.31154      -2.2783913
       538.71503      -1.1592043
       538.85442    0.0013826911
       18.883824
       545.35943    0.0016638303
       545.14352       1.5661251
       544.52887       3.0661094
       543.60904       4.4538814
       542.48047       5.7045985
       541.23399       6.8136998
       539.94603       7.7926581
       538.65271       8.6527749
       537.38034       9.4092729
       536.14483       10.077451
       534.95350       10.671504
       533.80522       11.200927
       532.69851       11.675090
       531.62982       12.101292
       530.59558       12.486289
       529.59284       12.837087
       528.61566       13.156612
       527.65896       13.447236
       526.71915       13.712783
       525.79265       13.957737
       524.87369       14.179225
       523.95888       14.380850
       523.04520       14.565708
       522.12741       14.729253
       521.20251       14.873415
       520.26681       14.999203
       519.31656       15.104860
       518.34851       15.186157
       517.35960       15.241154
       516.34585       15.272327
       515.30636       15.267868
       514.23862       15.226658
       513.14249       15.141107
       512.01721       15.007099
       510.86687       14.813081
       509.69295       14.554701
       508.50420       14.219643
       507.30984       13.798840
       506.12035       13.285466
       504.95023       12.671987
       503.81647       11.952889
       502.73894       11.124562
       501.72803       10.192798
       500.80148       9.1607105
       499.97575       8.0348210
       499.26161       6.8260819
       498.66293       5.5479354
       498.19411       4.2117074
       497.85500       2.8322919
       497.64942       1.4240615
       497.58280    0.0011302128
       497.64951      -1.4219021
       497.85417      -2.8301569
       498.19376      -4.2095787
       498.66205      -5.5459437
       499.25919      -6.8246270
       499.97479      -8.0329835
       500.80023      -9.1590649
       501.72690      -10.191158
       502.73810      -11.122860
       503.81534      -11.951443
       504.94816      -12.671427
       506.11833      -13.285055
       507.30837      -13.798150
       508.50253      -14.219303
       509.69201      -14.553766
       510.86544      -14.813075
       512.01600      -15.007055
       513.14127      -15.141424
       514.23774      -15.226650
       515.30563      -15.267891
       516.34536      -15.272018
       517.35921      -15.241138
       518.34814      -15.186817
       519.31642      -15.105256
       520.26682      -14.999143
       521.20267      -14.873614
       522.12769      -14.729229
       523.04548      -14.565008
       523.95934      -14.380361
       524.87446      -14.179452
       525.79334      -13.957259
       526.72012      -13.712632
       527.66027      -13.447384
       528.61679      -13.156176
       529.59393      -12.836365
       530.59713      -12.485924
       531.63162      -12.100948
       532.69992      -11.674213
       533.80617      -11.199413
       534.95425      -10.669759
       536.14623      -10.076057
       537.38193      -9.4077672
       538.65380      -8.6509464
       539.94787      -7.7909610
       541.23772      -6.8125314
       542.48126      -5.7023742
       543.60828      -4.4514816
       544.53301      -3.0637741
       545.14593      -1.5663209
       545.35943    0.0016638303
       23.604780
       552.04039    0.0011143257
       551.72686       1.9807015
       550.84422       3.8638284
       549.55187       5.5875608
       548.01001       7.1242658
       546.35139       8.4764456
       544.66344       9.6603172
       543.00138       10.699101
       541.38943       11.613161
       539.83961       12.422215
       538.35739       13.144488
       536.93709       13.791812
       535.57268       14.373928
       534.26157       14.903788
       532.99512       15.386726
       531.76664       15.829043
       530.57037       16.236583
       529.40000       16.614239
       528.24873       16.963240
       527.11074       17.286908
       525.98127       17.588079
       524.85359       17.865530
       523.72399       18.124059
       522.58607       18.359995
       521.43541       18.575670
       520.26682       18.768259
       519.07558       18.935426
       517.85694       19.077351
       516.60692       19.187049
       515.32167       19.261245
       513.99735       19.296554
       512.63373       19.280117
       511.22910       19.207037
       509.78719       19.063421
       508.31199       18.838692
       506.81199       18.519875
       505.29774       18.095417
       503.78632       17.550863
       502.29682       16.875799
       500.85058       16.063457
       499.46821       15.111978
       498.16858       14.024894
       496.97217       12.807367
       495.89185       11.470913
       494.94125       10.028138
       494.13109       8.4930458
       493.46256       6.8832149
       492.93879       5.2141639
       492.56474       3.5007039
       492.33912       1.7581219
       492.26385    0.0011636888
       492.34128      -1.7558291
       492.56352      -3.4986061
       492.93687      -5.2123261
       493.45945      -6.8818475
       494.12664      -8.4923334
       494.94081      -10.026162
       495.89146      -11.469073
       496.96838      -12.807325
       498.16414      -14.025693
       499.46415      -15.112919
       500.84850      -16.063110
       502.29696      -16.873686
       503.78593      -17.549187
       505.29681      -18.094357
       506.80950      -18.521163
       508.31020      -18.839326
       509.78579      -19.063511
       511.22798      -19.207073
       512.63300      -19.279381
       513.99715      -19.294369
       515.32055      -19.263042
       516.60616      -19.187886
       517.85677      -19.076102
       519.07532      -18.936412
       520.26677      -18.768793
       521.43550      -18.574433
       522.58633      -18.359533
       523.72442      -18.124347
       524.85429      -17.865716
       525.98202      -17.588480
       527.11118      -17.285707
       528.24995      -16.963888
       529.40074      -16.613419
       530.57202      -16.237208
       531.76792      -15.828751
       532.99627      -15.386060
       534.26259      -14.902697
       535.57456      -14.373627
       536.93652      -13.789050
       538.35680      -13.141712
       539.84287      -12.421842
       541.39247      -11.612490
       543.00289      -10.697175
       544.66513      -9.6584730
       546.35137      -8.4739015
       548.01056      -7.1215948
       549.55462      -5.5858872
       550.84739      -3.8598972
       551.71904      -1.9856785
       552.04039    0.0011143257
       28.325736
       558.90463    0.0018321360
       558.46887       2.4045283
       557.25121       4.6733604
       555.51920       6.7258452
       553.50684       8.5356943
       551.39650       10.115749
       549.28909       11.491892
       547.25007       12.698461
       545.29438       13.760081
       543.43578       14.704571
       541.66606       15.548441
       539.97661       16.306333
       538.36682       16.998047
       536.81929       17.627404
       535.33011       18.209317
       533.88646       18.746729
       532.47893       19.244119
       531.10208       19.710204
       529.74669       20.146595
       528.40514       20.556034
       527.07094       20.941970
       525.73664       21.304494
       524.39583       21.646395
       523.04161       21.965866
       521.66730       22.262212
       520.26679       22.536846
       518.83339       22.783476
       517.36133       22.999610
       515.84509       23.180356
       514.27908       23.321534
       512.66019       23.411941
       510.98835       23.435792
       509.26192       23.387739
       507.48530       23.250666
       505.66878       23.003956
       503.82983       22.624666
       501.98235       22.103189
       500.15140       21.421823
       498.36543       20.567798
       496.65390       19.535360
       495.04025       18.329206
       493.54777       16.957450
       492.19598       15.433114
       490.99295       13.776266
       489.94887       12.004772
       489.07023       10.137459
       488.35212       8.1953564
       487.79506       6.1953949
       487.39874       4.1532848
       487.16124       2.0839071
       487.08324    0.0011200127
       487.16257      -2.0816422
       487.39887      -4.1510756
       487.79604      -6.1929861
       488.35290      -8.1929661
       489.06783      -10.136026
       489.94783      -12.002944
       490.99274      -13.774142
       492.19521      -15.431246
       493.54621      -16.956186
       495.03707      -18.329175
       496.65145      -19.535047
       498.36462      -20.566201
       500.14908      -21.421911
       501.97837      -22.105521
       503.82665      -22.626615
       505.66876      -23.001632
       507.48562      -23.247693
       509.26045      -23.388640
       510.98653      -23.438071
       512.66045      -23.408943
       514.27900      -23.319950
       515.84428      -23.182699
       517.36103      -23.000679
       518.83335      -22.783469
       520.26683      -22.535014
       521.66763      -22.263847
       523.04209      -21.967444
       524.39668      -21.648323
       525.73773      -21.306705
       527.07234      -20.943989
       528.40623      -20.556652
       529.74738      -20.145836
       531.10259      -19.708839
       532.47976      -19.243163
       533.88736      -18.745787
       535.33171      -18.208952
       536.82173      -17.627779
       538.36717      -16.996065
       539.97957      -16.306491
       541.66817      -15.547728
       543.43750      -14.703393
       545.29764      -13.759652
       547.25161      -12.696890
       549.29289      -11.491053
       551.39632      -10.113424
       553.50780      -8.5336521
       555.51787      -6.7234019
       557.25607      -4.6714571
       558.46089      -2.4029166
       558.90463    0.0018321360
       33.046692
       565.97752    0.0017611798
       565.37831       2.8392516
       563.75544       5.4949790
       561.50249       7.8672334
       558.96467       9.9370121
       556.36553       11.730270
       553.83096       13.290037
       551.40564       14.653868
       549.10692       15.855986
       546.93456       16.924835
       544.88500       17.887131
       542.93752       18.755758
       541.08313       19.548787
       539.31028       20.280162
       537.60498       20.959202
       535.95158       21.589100
       534.34376       22.182748
       532.76604       22.736912
       531.21215       23.260953
       529.67561       23.765036
       528.14346       24.242568
       526.60817       24.699291
       525.06067       25.131212
       523.49296       25.539081
       521.89786       25.927358
       520.26677       26.293979
       518.59074       26.638482
       516.86272       26.946657
       515.07506       27.215779
       513.22293       27.434994
       511.30002       27.596702
       509.30414       27.689314
       507.24100       27.681583
       505.11477       27.562024
       502.94438       27.296446
       500.74832       26.865472
       498.55863       26.241537
       496.40737       25.408425
       494.32776       24.359345
       492.36821       23.080721
       490.55051       21.591112
       488.88622       19.915784
       487.40787       18.065471
       486.11301       16.072592
       485.00064       13.964033
       484.08155       11.758393
       483.33536       9.4834979
       482.75997       7.1559331
       482.35391       4.7906253
       482.10834       2.4018242
       482.02831    0.0011360308
       482.11432      -2.3992561
       482.35397      -4.7883797
       482.75911      -7.1538870
       483.33255      -9.4819764
       484.08008      -11.756671
       485.00594      -13.959701
       486.11565      -16.069139
       487.40822      -18.063116
       488.88363      -19.915271
       490.54304      -21.594468
       492.36426      -23.081953
       494.32904      -24.356074
       496.40611      -25.407939
       498.55694      -26.241605
       500.74371      -26.870177
       502.94314      -27.296419
       505.11537      -27.559276
       507.23800      -27.686309
       509.30402      -27.687610
       511.29950      -27.596961
       513.22202      -27.436550
       515.07524      -27.213252
       516.86266      -26.945228
       518.59070      -26.638076
       520.26672      -26.295761
       521.89822      -25.929570
       523.49327      -25.539728
       525.06104      -25.130803
       526.60809      -24.696810
       528.14339      -24.240289
       529.67667      -23.765325
       531.21414      -23.263052
       532.76760      -22.737373
       534.34378      -22.180508
       535.95244      -21.587990
       537.60610      -20.958246
       539.31150      -20.279145
       541.08340      -19.546727
       542.93971      -18.755231
       544.88555      -17.885257
       546.93878      -16.925085
       549.10877      -15.854684
       551.40625      -14.651707
       553.83457      -13.288991
       556.37234      -11.730105
       558.97191      -9.9361818
       561.50252      -7.8651454
       563.75863      -5.4917979
       565.36877      -2.8398797
       565.97752    0.0017611798
       37.767648
       573.30007    0.0020506657
       572.48822       3.2863712
       570.36331       6.3298227
       567.50065       9.0114234
       564.38454       11.328555
       561.27361       13.324933
       558.29017       15.055326
       555.47262       16.567517
       552.82844       17.901623
       550.35032       19.092433
       548.02133       20.165701
       545.82061       21.140586
       543.73335       22.037210
       541.73759       22.864564
       539.82300       23.640456
       537.96710       24.363206
       536.16183       25.047303
       534.39546       25.700801
       532.65110       26.318767
       530.92196       26.912956
       529.19709       27.485520
       527.46442       28.033906
       525.71541       28.564039
       523.93971       29.075586
       522.12673       29.564928
       520.26670       30.038874
       518.34916       30.480363
       516.36372       30.895237
       514.30217       31.267968
       512.15604       31.589654
       509.91963       31.846245
       507.59147       32.014538
       505.17479       32.072903
       502.68356       31.984984
       500.14122       31.714038
       497.57744       31.230522
       495.03376       30.502645
       492.55657       29.509702
       490.19631       28.239263
       487.99395       26.699554
       485.98229       24.910269
       484.18366       22.900150
       482.61022       20.703017
       481.25264       18.359737
       480.10571       15.902021
       479.16522       13.355832
       478.41649       10.746456
       477.83783       8.0948429
       477.43216       5.4124036
       477.19125       2.7111305
       477.11293    0.0011866568
       477.19427      -2.7088999
       477.43343      -5.4099443
       477.83604      -8.0930546
       478.41276      -10.745194
       479.16524      -13.353612
       480.10484      -15.900249
       481.25182      -18.357874
       482.61235      -20.699718
       484.18695      -22.895694
       485.98046      -24.909323
       487.99409      -26.696807
       490.19769      -28.235277
       492.55699      -29.506225
       495.03010      -30.504418
       497.57561      -31.229803
       500.13907      -31.714868
       502.68303      -31.982982
       505.17485      -32.070543
       507.59026      -32.015551
       509.91871      -31.846852
       512.15647      -31.585856
       514.30258      -31.264571
       516.36335      -30.895572
       518.34889      -30.480041
       520.26675      -30.039610
       522.12690      -29.566788
       523.93998      -29.074710
       525.71605      -28.564764
       527.46509      -28.034122
       529.19738      -27.484317
       530.92252      -26.912163
       532.65260      -26.319937
       534.39664      -25.700830
       536.16367      -25.048267
       537.96848      -24.362786
       539.82359      -23.638569
       541.74106      -22.866229
       543.73417      -22.035697
       545.82551      -21.142496
       548.02463      -20.165869
       550.35412      -19.092334
       552.83223      -17.901522
       555.47419      -16.565760
       558.29225      -15.053773
       561.27543      -13.322897
       564.38975      -11.327152
       567.50261      -9.0096648
       570.35998      -6.3249068
       572.48931      -3.2903936
       573.30007    0.0020506657
       42.488604
       580.95822    0.0010842554
       579.84600       3.7498760
       577.05822       7.1758073
       573.49181       10.154245
       569.75090       12.706746
       566.10717       14.895330
       562.66333       16.787340
       559.45093       18.439437
       556.46528       19.901183
       553.68453       21.208237
       551.08529       22.391783
       548.63708       23.470626
       546.32197       24.468063
       544.11542       25.396941
       541.99434       26.264816
       539.94368       27.083585
       537.94876       27.863324
       535.99328       28.607192
       534.06334       29.320150
       532.14792       30.009235
       530.23407       30.677290
       528.30950       31.325033
       526.36226       31.955225
       524.38117       32.569171
       522.35314       33.165008
       520.26674       33.747719
       518.10861       34.303335
       515.86650       34.832731
       513.52856       35.323767
       511.08455       35.763302
       508.52873       36.127338
       505.85904       36.390952
       503.07973       36.525562
       500.20988       36.484552
       497.28041       36.222061
       494.33601       35.691831
       491.42644       34.863252
       488.61359       33.708348
       485.96280       32.214704
       483.52256       30.398597
       481.33457       28.286946
       479.42495       25.920192
       477.78347       23.356460
       476.39479       20.645690
       475.25304       17.823405
       474.31984       14.930145
       473.58452       11.987139
       473.03065       9.0118966
       472.64546       6.0171488
       472.41572       3.0115598
       472.34369    0.0012112301
       472.41951      -3.0093113
       472.64524      -6.0148461
       473.03099      -9.0097223
       473.58507      -11.984691
       474.31879      -14.928394
       475.24564      -17.824169
       476.39466      -20.643559
       477.78453      -23.353787
       479.42235      -25.919587
       481.33489      -28.284434
       483.52557      -30.393600
       485.96400      -32.211169
       488.61507      -33.703990
       491.42732      -34.859313
       494.33580      -35.689286
       497.27848      -36.221770
       500.20999      -36.481268
       503.07747      -36.527050
       505.85683      -36.393626
       508.52735      -36.128560
       511.08497      -35.759249
       513.52842      -35.322291
       515.86653      -34.830525
       518.10829      -34.305903
       520.26689      -33.746582
       522.35361      -33.167274
       524.38156      -32.570363
       526.36294      -31.955530
       528.30990      -31.324582
       530.23515      -30.678114
       532.14936      -30.010800
       534.06456      -29.320588
       535.99450      -28.607493
       537.95019      -27.863325
       539.94379      -27.082092
       541.99484      -26.263308
       544.11602      -25.395714
       546.32366      -24.467608
       548.64207      -23.472615
       551.08734      -22.390921
       553.68728      -21.207778
       556.46806      -19.900191
       559.45452      -18.438598
       562.66476      -16.784710
       566.10736      -14.892852
       569.75913      -12.705033
       573.49496      -10.152903
       577.06884      -7.1686984
       579.80704      -3.7616450
       580.95822    0.0010842554
       47.209560
       589.10314    0.0016866982
       587.54118       4.2335681
       583.84959       8.0332341
       579.43749       11.288599
       575.00865       14.056224
       570.80697       16.422557
       566.91238       18.469165
       563.31897       20.259838
       560.00514       21.847293
       556.93898       23.273810
       554.07986       24.567449
       551.40045       25.756771
       548.86780       26.858934
       546.45438       27.887819
       544.13845       28.856613
       541.89948       29.775658
       539.71792       30.650752
       537.57899       31.491659
       535.46672       32.302267
       533.36716       33.088771
       531.26652       33.854669
       529.15079       34.602198
       527.00665       35.332913
       524.82024       36.046504
       522.57844       36.744420
       520.26666       37.426272
       517.87005       38.093804
       515.37359       38.734339
       512.76326       39.335918
       510.02558       39.887930
       507.14970       40.371283
       504.13481       40.745865
       500.98872       40.969084
       497.73427       40.987562
       494.40854       40.747158
       491.06227       40.197614
       487.76851       39.284743
       484.59095       37.991835
       481.61693       36.295697
       478.91343       34.211482
       476.53606       31.773275
       474.51843       29.033872
       472.85196       26.067686
       471.49895       22.949553
       470.41340       19.739502
       469.55161       16.479610
       468.87796       13.195475
       468.37958       9.8992804
       468.03652       6.5992893
       467.83499       3.2999068
       467.76944    0.0010706543
       467.83860      -3.2973535
       468.03676      -6.5972283
       468.37717      -9.8973419
       468.87873      -13.193270
       469.55012      -16.477750
       470.41884      -19.735235
       471.50053      -22.946619
       472.85130      -26.065884
       474.51914      -29.031282
       476.53574      -31.771400
       478.90949      -34.212571
       481.61918      -36.291199
       484.59292      -37.987669
       487.76753      -39.283441
       491.06333      -40.193829
       494.40893      -40.743823
       497.73444      -40.984696
       500.98935      -40.964856
       504.13408      -40.744470
       507.14968      -40.367709
       510.02431      -39.889559
       512.76238      -39.337014
       515.37328      -38.730260
       517.87006      -38.091712
       520.26653      -37.427367
       522.57849      -36.744955
       524.82051      -36.046224
       527.00659      -35.330120
       529.15091      -34.600245
       531.26632      -33.851881
       533.36809      -33.088727
       535.46924      -32.305627
       537.58049      -31.492179
       539.71819      -30.649312
       541.89884      -29.772704
       544.13800      -28.854140
       546.45392      -27.885301
       548.86795      -26.857206
       551.40439      -25.758131
       554.08119      -24.566545
       556.94127      -23.272883
       560.00872      -21.847135
       563.32361      -20.259479
       566.91733      -18.468757
       570.81618      -16.422857
       575.01489      -14.055008
       579.43318      -11.284042
       583.84576      -8.0317369
       587.57052      -4.2242452
       589.10314    0.0016866982
       51.930517
       598.79699    0.0018218297
       595.92076       4.7607144
       590.54227       8.8786965
       584.99550       12.349100
       579.83291       15.294641
       575.11309       17.821662
       570.81743       20.015160
       566.90686       21.948032
       563.32883       23.674085
       560.03381       25.237619
       556.98060       26.674685
       554.12200       28.008177
       551.42291       29.258236
       548.85468       30.443833
       546.37774       31.563403
       543.97302       32.629519
       541.62460       33.655522
       539.30360       34.628496
       536.99747       35.555476
       534.69576       36.444409
       532.38228       37.288496
       530.04851       38.098715
       527.68374       38.882039
       525.27454       39.642852
       522.80758       40.386794
       520.26654       41.113804
       517.63539       41.824094
       514.89621       42.511218
       512.03059       43.175402
       509.02247       43.793291
       505.85909       44.342699
       502.53271       44.791866
       499.05099       45.086560
       495.43276       45.174092
       491.71661       44.989037
       487.96053       44.466917
       484.22857       43.563863
       480.58736       42.255388
       477.10567       40.532061
       473.88888       38.368224
       471.09662       35.725106
       468.93886       32.574704
       467.43571       29.045493
       466.37311       25.361701
       465.56956       21.657328
       464.95237       17.974198
       464.46878       14.327633
       464.10874       10.714047
       463.86128       7.1268241
       463.71642       3.5590038
       463.67209    0.0011528662
       463.71761      -3.5567742
       463.85849      -7.1249983
       464.11087      -10.711297
       464.47195      -14.324783
       464.95088      -17.972364
       465.57614      -21.652618
       466.37732      -25.357832
       467.43946      -29.041331
       468.95074      -32.565185
       471.10106      -35.719363
       473.88279      -38.370845
       477.10145      -40.533494
       480.59054      -42.249597
       484.22935      -43.560376
       487.96218      -44.462101
       491.71770      -44.984962
       495.42936      -45.177576
       499.05042      -45.086045
       502.53350      -44.788105
       505.85884      -44.342111
       509.02225      -43.793633
       512.02984      -43.178447
       514.89579      -42.514661
       517.63557      -41.820053
       520.26682      -41.114940
       522.80757      -40.384720
       525.27432      -39.639227
       527.68473      -38.884781
       530.04909      -38.098956
       532.38097      -37.282316
       534.69466      -36.439311
       536.99767      -35.553772
       539.30349      -34.626091
       541.62667      -33.656422
       543.97851      -32.634897
       546.37803      -31.561645
       548.85449      -30.441210
       551.42901      -29.261952
       554.12321      -28.006746
       556.98275      -26.674263
       560.03589      -25.236832
       563.33042      -23.673021
       566.91175      -21.948160
       570.81817      -20.013238
       575.11219      -17.819146
       579.83560      -15.293019
       585.00295      -12.348615
       590.55330      -8.8754687
       595.87790      -4.7612766
       598.79699    0.0018218297
       56.651473
       605.93609    0.0018869767
       602.79839       5.1934061
       596.93095       9.6857503
       590.87993       13.471645
       585.24801       16.684963
       580.09911       19.441712
       575.41294       21.834620
       571.14687       23.943207
       567.24356       25.826174
       563.64899       27.531848
       560.31821       29.099555
       557.19974       30.554275
       554.25528       31.917975
       551.45358       33.211354
       548.75146       34.432702
       546.12813       35.595738
       543.56621       36.715014
       541.03421       37.776440
       538.51843       38.787691
       536.00748       39.757436
       533.48369       40.678258
       530.93776       41.562134
       528.35800       42.416669
       525.72978       43.246647
       523.03856       44.058220
       520.26651       44.851322
       517.39617       45.626184
       514.40798       46.375774
       511.28184       47.100338
       508.00025       47.774398
       504.54930       48.373753
       500.92051       48.863753
       497.12227       49.185238
       493.17512       49.280727
       489.12114       49.078849
       485.02359       48.509263
       480.95237       47.524113
       476.98013       46.096687
       473.18192       44.216693
       469.67271       41.856144
       466.62660       38.972742
       464.27268       35.535940
       462.63288       31.685891
       461.47368       27.667210
       460.59708       23.626076
       459.92378       19.608115
       459.39623       15.630044
       459.00346       11.687951
       458.73350       7.7746167
       458.57547       3.8824491
       458.52711    0.0011571984
       458.57677      -3.8802178
       458.73046      -7.7728259
       459.00578      -11.685152
       459.39969      -15.627136
       459.92216      -19.606316
       460.60426      -23.621139
       461.47827      -27.663190
       462.63697      -31.681552
       464.28564      -35.525757
       466.63145      -38.966678
       469.66606      -41.859205
       473.17733      -44.218458
       476.98360      -46.090570
       480.95322      -47.520511
       485.02539      -48.504210
       489.12233      -49.074604
       493.17141      -49.284729
       497.12166      -49.184877
       500.92138      -48.859851
       504.54902      -48.373313
       508.00002      -47.774973
       511.28103      -47.103861
       514.40751      -46.379731
       517.39637      -45.621976
       520.26681      -44.852762
       523.03854      -44.056158
       525.72955      -43.242894
       528.35909      -42.419861
       530.93839      -41.562598
       533.48226      -40.671718
       536.00628      -39.752076
       538.51865      -38.786034
       541.03409      -37.774018
       543.56848      -36.716197
       546.13412      -35.601807
       548.75177      -34.430986
       551.45337      -33.208693
       554.26194      -31.922230
       557.20106      -30.552914
       560.32056      -29.099296
       563.65126      -27.531190
       567.24529      -25.825215
       571.15220      -23.943548
       575.41375      -21.832724
       580.09813      -19.439168
       585.25094      -16.683394
       590.88805      -13.471317
       596.94298      -9.6824299
       602.75163      -5.1942204
       605.93609    0.0018869767
       61.372429
       613.07520    0.0019521237
       609.67601       5.6260979
       603.31962       10.492804
       596.76435       14.594190
       590.66310       18.075284
       585.08513       21.061763
       580.00845       23.654079
       575.38687       25.938382
       571.15829       27.978263
       567.26417       29.826076
       563.65583       31.524426
       560.27748       33.100372
       557.08765       34.577714
       554.05247       35.978874
       551.12517       37.302002
       548.28323       38.561957
       545.50783       39.774507
       542.76482       40.924385
       540.03940       42.019907
       537.31920       43.070464
       534.58509       44.068021
       531.82700       45.025553
       529.03227       45.951300
       526.18503       46.850442
       523.26953       47.729647
       520.26648       48.588841
       517.15695       49.428274
       513.91974       50.240330
       510.53309       51.025274
       506.97804       51.755506
       503.23951       52.404807
       499.30832       52.935640
       495.19356       53.283916
       490.91748       53.387362
       486.52566       53.168661
       482.08665       52.551610
       477.67616       51.484364
       473.37291       49.937985
       469.25818       47.901326
       465.45653       45.344064
       462.15658       42.220378
       459.60650       38.497177
       457.83005       34.326290
       456.57425       29.972718
       455.62460       25.594824
       454.89520       21.242033
       454.32368       16.932456
       453.89818       12.661855
       453.60572       8.4224093
       453.43452       4.2058945
       453.38213    0.0011615306
       453.43593      -4.2036614
       453.60243      -8.4206534
       453.90069      -12.659007
       454.32743      -16.929490
       454.89343      -21.240267
       455.63238      -25.589659
       456.57922      -29.968548
       457.83448      -34.321774
       459.62054      -38.486329
       462.16183      -42.213994
       465.44933      -45.347564
       469.25320      -47.903422
       473.37667      -49.931543
       477.67709      -51.480646
       482.08861      -52.546320
       486.52695      -53.164247
       490.91346      -53.391882
       495.19289      -53.283709
       499.30926      -52.931598
       503.23921      -52.404514
       506.97778      -51.756313
       510.53221      -51.029275
       513.91923      -50.244800
       517.15716      -49.423899
       520.26681      -48.590585
       523.26952      -47.727597
       526.18478      -46.846561
       529.03344      -45.954942
       531.82768      -45.026240
       534.58354      -44.061120
       537.31790      -43.064841
       540.03964      -42.018295
       542.76470      -40.921945
       545.51028      -39.775972
       548.28972      -38.568716
       551.12552      -37.300327
       554.05225      -35.976176
       557.09486      -34.582508
       560.27891      -33.099083
       563.65837      -31.524330
       567.26662      -29.825548
       571.16016      -27.977408
       575.39265      -25.938936
       580.00932      -23.652210
       585.08407      -21.059191
       590.66629      -18.073769
       596.77315      -14.594019
       603.33266      -10.489391
       609.62537      -5.6271642
       613.07520    0.0019521237
       66.093385
       620.21430    0.0020172708
       616.55364       6.0587896
       609.70830       11.299858
       602.64878       15.716735
       596.07820       19.465605
       590.07115       22.681814
       584.60396       25.473539
       579.62687       27.933557
       575.07302       30.130353
       570.87935       32.120305
       566.99344       33.949297
       563.35522       35.646470
       559.92002       37.237454
       556.65137       38.746395
       553.49889       40.171302
       550.43834       41.528177
       547.44944       42.833999
       544.49544       44.072329
       541.56036       45.252122
       538.63092       46.383491
       535.68649       47.457784
       532.71624       48.488972
       529.70653       49.485930
       526.64027       50.454237
       523.50051       51.401073
       520.26646       52.326359
       516.91772       53.230364
       513.43150       54.104886
       509.78434       54.950210
       505.95582       55.736614
       501.92971       56.435861
       497.69613       57.007528
       493.26484       57.382594
       488.65983       57.493997
       483.93019       57.258473
       479.14972       56.593956
       474.39996       55.444615
       469.76568       53.779284
       465.33444       51.585958
       461.24035       48.831984
       457.68657       45.468015
       454.94032       41.458413
       453.02722       36.966689
       451.67482       32.278227
       450.65212       27.563571
       449.86661       22.875950
       449.25113       18.234867
       448.79289       13.635759
       448.47794       9.0702020
       448.29358       4.5293398
       448.23716    0.0011658627
       448.29510      -4.5271050
       448.47440      -9.0684810
       448.79560      -13.632862
       449.25517      -18.231843
       449.86471      -22.874219
       450.66050      -27.558179
       451.68018      -32.273906
       453.03199      -36.961995
       454.95544      -41.446901
       457.69222      -45.461309
       461.23260      -48.835923
       465.32908      -51.588385
       469.76973      -53.772516
       474.40095      -55.440781
       479.15182      -56.588430
       483.93158      -57.253889
       488.65550      -57.499035
       493.26413      -57.382541
       497.69714      -57.003344
       501.92939      -56.435716
       505.95555      -55.737653
       509.78339      -54.954689
       513.43096      -54.109870
       516.91795      -53.225823
       520.26681      -52.328407
       523.50049      -51.399036
       526.64000      -50.450227
       529.70779      -49.490022
       532.71698      -48.489882
       535.68483      -47.450522
       538.62952      -46.377606
       541.56062      -45.250557
       544.49530      -44.069872
       547.45208      -42.835748
       550.44533      -41.535625
       553.49926      -40.169668
       556.65113      -38.743659
       559.92779      -37.242786
       563.35676      -35.645251
       566.99618      -33.949363
       570.88199      -32.119906
       575.07503      -30.129601
       579.63310      -27.934323
       584.60490      -25.471696
       590.07001      -22.679214
       596.08163      -19.464144
       602.65826      -15.716721
       609.72234      -11.296352
       616.49910      -6.0601080
       620.21430    0.0020172708
       70.814341
       627.35341    0.0020824178
       623.43127       6.4914814
       616.09698       12.106912
       608.53320       16.839280
       601.49330       20.855927
       595.05718       24.301864
       589.19947       27.292998
       583.86687       29.928733
       578.98774       32.282442
       574.49453       34.414534
       570.33106       36.374168
       566.43297       38.192567
       562.75239       39.897193
       559.25026       41.513916
       555.87261       43.040602
       552.59345       44.494396
       549.39106       45.893492
       546.22605       47.220274
       543.08133       48.484338
       539.94264       49.696519
       536.78790       50.847547
       533.60549       51.952391
       530.38080       53.020560
       527.09552       54.058033
       523.73149       55.072499
       520.26643       56.063877
       516.67850       57.032454
       512.94326       57.969441
       509.03559       58.875146
       504.93361       59.717722
       500.61992       60.466915
       496.08393       61.079415
       491.33613       61.481271
       486.40219       61.600633
       481.33471       61.348285
       476.21278       60.636303
       471.12375       59.404865
       466.15846       57.620582
       461.41070       55.270590
       457.02417       52.319903
       453.21655       48.715651
       450.27414       44.419649
       448.22439       39.607088
       446.77539       34.583736
       445.67964       29.532319
       444.83802       24.509868
       444.17858       19.537279
       443.68761       14.609663
       443.35016       9.7179946
       443.15263       4.8527851
       443.09218    0.0011701949
       443.15426      -4.8505485
       443.34637      -9.7163086
       443.69051      -14.606716
       444.18290      -19.534197
       444.83599      -24.508171
       445.68862      -29.526700
       446.78113      -34.579264
       448.22950      -39.602216
       450.29034      -44.407473
       453.22260      -48.708624
       457.01587      -52.324282
       461.40495      -55.273349
       466.16280      -57.613489
       471.12482      -59.400915
       476.21503      -60.630539
       481.33620      -61.343532
       486.39755      -61.606188
       491.33536      -61.481373
       496.08501      -61.075090
       500.61957      -60.466917
       504.93331      -59.718992
       509.03457      -58.880102
       512.94268      -57.974940
       516.67875      -57.027746
       520.26681      -56.066229
       523.73147      -55.070474
       527.09523      -54.053894
       530.38215      -53.025103
       533.60628      -51.953524
       536.78611      -50.839924
       539.94114      -49.690371
       543.08161      -48.482818
       546.22590      -47.217799
       549.39389      -45.895523
       552.60094      -44.502535
       555.87301      -43.039009
       559.25001      -41.511143
       562.76071      -39.903064
       566.43461      -38.191419
       570.33400      -36.374396
       574.49736      -34.414264
       578.98990      -32.281795
       583.87354      -29.929711
       589.20047      -27.291181
       595.05595      -24.299237
       601.49697      -20.854519
       608.54336      -16.839423
       616.11202      -12.103314
       623.37283      -6.4930518
       627.35341    0.0020824178
